7 1 5 6 25 26 30 31
7 1 5 6 25 26 30 32
7 1 5 6 25 26 30 33
7 1 5 6 25 26 30 34
7 1 5 6 25 26 30 37
7 1 5 6 25 26 30 38
7 1 5 6 25 26 30 44
7 1 5 6 25 26 30 49
7 1 5 6 25 26 31 32
7 1 5 6 25 26 31 33
7 1 5 6 25 26 31 34
7 1 5 6 25 26 31 35
7 1 5 6 25 26 31 38
7 1 5 6 25 26 31 39
7 1 5 6 25 26 31 40
7 1 5 6 25 26 31 42
7 1 5 6 25 26 31 44
7 1 5 6 25 26 31 47
7 1 5 6 25 26 31 48
7 1 5 6 25 26 31 63
7 1 5 6 25 26 31 65
7 1 5 6 25 26 31 69
7 1 5 6 25 26 31 96
7 1 5 6 25 26 32 33
7 1 5 6 25 26 32 34
7 1 5 6 25 26 32 35
7 1 5 6 25 26 32 36
7 1 5 6 25 26 32 37
7 1 5 6 25 26 32 40
7 1 5 6 25 26 32 42
7 1 5 6 25 26 32 43
7 1 5 6 25 26 32 46
7 1 5 6 25 26 32 47
7 1 5 6 25 26 32 49
7 1 5 6 25 26 32 68
7 1 5 6 25 26 32 69
7 1 5 6 25 26 33 34
7 1 5 6 25 26 33 37
7 1 5 6 25 26 33 38
7 1 5 6 25 26 33 39
7 1 5 6 25 26 33 40
7 1 5 6 25 26 33 41
7 1 5 6 25 26 33 43
7 1 5 6 25 26 33 46
7 1 5 6 25 26 33 48
7 1 5 6 25 26 33 67
7 1 5 6 25 26 34 35
7 1 5 6 25 26 34 36
7 1 5 6 25 26 34 39
7 1 5 6 25 26 34 41
7 1 5 6 25 26 34 43
7 1 5 6 25 26 34 44
7 1 5 6 25 26 34 47
7 1 5 6 25 26 34 49
7 1 5 6 25 26 34 61
7 1 5 6 25 26 35 36
7 1 5 6 25 26 35 37
7 1 5 6 25 26 35 38
7 1 5 6 25 26 35 39
7 1 5 6 25 26 35 41
7 1 5 6 25 26 35 43
7 1 5 6 25 26 35 44
7 1 5 6 25 26 35 46
7 1 5 6 25 26 35 47
7 1 5 6 25 26 35 48
7 1 5 6 25 26 35 56
7 1 5 6 25 26 35 61
7 1 5 6 25 26 35 66
7 1 5 6 25 26 35 67
7 1 5 6 25 26 35 73
7 1 5 6 25 26 35 81
7 1 5 6 25 26 35 86
7 1 5 6 25 26 35 96
7 1 5 6 25 26 35 106
7 1 5 6 25 26 35 107
7 1 5 6 25 26 35 116
7 1 5 6 25 26 35 121
7 1 5 6 25 26 36 37
7 1 5 6 25 26 36 38
7 1 5 6 25 26 36 39
7 1 5 6 25 26 36 40
7 1 5 6 25 26 36 42
7 1 5 6 25 26 36 43
7 1 5 6 25 26 36 48
7 1 5 6 25 26 36 49
7 1 5 6 25 26 36 65
7 1 5 6 25 26 36 73
7 1 5 6 25 26 36 80
7 1 5 6 25 26 36 84
7 1 5 6 25 26 36 85
7 1 5 6 25 26 36 106
7 1 5 6 25 26 36 121
7 1 5 6 25 26 37 38
7 1 5 6 25 26 37 39
7 1 5 6 25 26 37 41
7 1 5 6 25 26 37 42
7 1 5 6 25 26 37 44
7 1 5 6 25 26 37 47
7 1 5 6 25 26 37 57
7 1 5 6 25 26 37 58
7 1 5 6 25 26 37 63
7 1 5 6 25 26 37 65
7 1 5 6 25 26 37 83
7 1 5 6 25 26 37 89
7 1 5 6 25 26 37 94
7 1 5 6 25 26 37 109
7 1 5 6 25 26 38 39
7 1 5 6 25 26 38 40
7 1 5 6 25 26 38 41
7 1 5 6 25 26 38 43
7 1 5 6 25 26 38 47
7 1 5 6 25 26 38 48
7 1 5 6 25 26 38 49
7 1 5 6 25 26 38 63
7 1 5 6 25 26 38 68
7 1 5 6 25 26 38 69
7 1 5 6 25 26 38 88
7 1 5 6 25 26 38 94
7 1 5 6 25 26 38 96
7 1 5 6 25 26 38 108
7 1 5 6 25 26 38 109
7 1 5 6 25 26 38 113
7 1 5 6 25 26 39 40
7 1 5 6 25 26 39 42
7 1 5 6 25 26 39 46
7 1 5 6 25 26 39 49
7 1 5 6 25 26 39 61
7 1 5 6 25 26 39 87
7 1 5 6 25 26 39 96
7 1 5 6 25 26 39 107
7 1 5 6 25 26 39 108
7 1 5 6 25 26 39 113
7 1 5 6 25 26 39 121
7 1 5 6 25 26 40 42
7 1 5 6 25 26 40 43
7 1 5 6 25 26 40 46
7 1 5 6 25 26 40 47
7 1 5 6 25 26 40 49
7 1 5 6 25 26 40 61
7 1 5 6 25 26 40 66
7 1 5 6 25 26 40 68
7 1 5 6 25 26 40 69
7 1 5 6 25 26 40 73
7 1 5 6 25 26 40 81
7 1 5 6 25 26 40 86
7 1 5 6 25 26 40 87
7 1 5 6 25 26 40 96
7 1 5 6 25 26 40 106
7 1 5 6 25 26 40 116
7 1 5 6 25 26 40 121
7 1 5 6 25 26 41 43
7 1 5 6 25 26 41 44
7 1 5 6 25 26 41 47
7 1 5 6 25 26 41 49
7 1 5 6 25 26 41 61
7 1 5 6 25 26 41 65
7 1 5 6 25 26 41 66
7 1 5 6 25 26 41 68
7 1 5 6 25 26 41 85
7 1 5 6 25 26 41 94
7 1 5 6 25 26 41 106
7 1 5 6 25 26 41 116
7 1 5 6 25 26 42 44
7 1 5 6 25 26 42 47
7 1 5 6 25 26 42 48
7 1 5 6 25 26 42 65
7 1 5 6 25 26 42 68
7 1 5 6 25 26 42 73
7 1 5 6 25 26 42 84
7 1 5 6 25 26 42 85
7 1 5 6 25 26 42 94
7 1 5 6 25 26 42 116
7 1 5 6 25 26 42 121
7 1 5 6 25 26 43 63
7 1 5 6 25 26 43 65
7 1 5 6 25 26 43 67
7 1 5 6 25 26 43 69
7 1 5 6 25 26 43 83
7 1 5 6 25 26 43 88
7 1 5 6 25 26 43 96
7 1 5 6 25 26 43 109
7 1 5 6 25 26 43 113
7 1 5 6 25 26 43 116
7 1 5 6 25 26 43 121
7 1 5 6 25 26 44 46
7 1 5 6 25 26 44 48
7 1 5 6 25 26 44 63
7 1 5 6 25 26 44 66
7 1 5 6 25 26 44 67
7 1 5 6 25 26 44 69
7 1 5 6 25 26 44 73
7 1 5 6 25 26 44 88
7 1 5 6 25 26 44 94
7 1 5 6 25 26 44 107
7 1 5 6 25 26 44 116
7 1 5 6 25 26 46 65
7 1 5 6 25 26 46 85
7 1 5 6 25 26 46 113
7 1 5 6 25 26 47 49
7 1 5 6 25 26 47 65
7 1 5 6 25 26 47 67
7 1 5 6 25 26 47 73
7 1 5 6 25 26 47 87
7 1 5 6 25 26 47 88
7 1 5 6 25 26 47 94
7 1 5 6 25 26 47 113
7 1 5 6 25 26 48 67
7 1 5 6 25 26 48 69
7 1 5 6 25 26 48 73
7 1 5 6 25 26 48 85
7 1 5 6 25 26 48 86
7 1 5 6 25 26 48 94
7 1 5 6 25 26 48 108
7 1 5 6 25 26 48 113
7 1 5 6 25 26 49 66
7 1 5 6 25 26 49 69
7 1 5 6 25 26 49 88
7 1 5 6 25 26 49 89
7 1 5 6 25 26 49 94
7 1 5 6 25 26 49 96
7 1 5 6 25 26 49 113
7 1 5 6 25 26 61 65
7 1 5 6 25 26 61 66
7 1 5 6 25 26 61 73
7 1 5 6 25 26 63 69
7 1 5 6 25 26 63 73
7 1 5 6 25 26 65 67
7 1 5 6 25 26 65 68
7 1 5 6 25 26 65 73
7 1 5 6 25 26 65 86
7 1 5 6 25 26 65 94
7 1 5 6 25 26 65 96
7 1 5 6 25 26 65 113
7 1 5 6 25 26 65 116
7 1 5 6 25 26 65 121
7 1 5 6 25 26 66 68
7 1 5 6 25 26 66 69
7 1 5 6 25 26 66 73
7 1 5 6 25 26 66 94
7 1 5 6 25 26 66 113
7 1 5 6 25 26 66 116
7 1 5 6 25 26 67 69
7 1 5 6 25 26 67 73
7 1 5 6 25 26 67 89
7 1 5 6 25 26 67 94
7 1 5 6 25 26 67 96
7 1 5 6 25 26 67 113
7 1 5 6 25 26 68 88
7 1 5 6 25 26 68 94
7 1 5 6 25 26 68 96
7 1 5 6 25 26 68 113
7 1 5 6 25 26 68 121
7 1 5 6 25 26 69 73
7 1 5 6 25 26 69 113
7 1 5 6 25 26 69 116
7 1 5 6 25 26 69 121
7 1 5 6 25 26 73 113
7 1 5 6 25 26 73 121
7 1 5 6 25 26 96 116
7 1 5 6 25 27 31 34
7 1 5 6 25 27 31 38
7 1 5 6 25 27 31 39
7 1 5 6 25 27 31 40
7 1 5 6 25 27 31 41
7 1 5 6 25 27 31 42
7 1 5 6 25 27 31 55
7 1 5 6 25 27 31 58
7 1 5 6 25 27 31 59
7 1 5 6 25 27 31 63
7 1 5 6 25 27 31 69
7 1 5 6 25 27 31 80
7 1 5 6 25 27 31 82
7 1 5 6 25 27 31 84
7 1 5 6 25 27 31 89
7 1 5 6 25 27 31 107
7 1 5 6 25 27 31 108
7 1 5 6 25 27 33 35
7 1 5 6 25 27 33 41
7 1 5 6 25 27 33 42
7 1 5 6 25 27 33 43
7 1 5 6 25 27 33 48
7 1 5 6 25 27 33 57
7 1 5 6 25 27 33 58
7 1 5 6 25 27 33 59
7 1 5 6 25 27 33 66
7 1 5 6 25 27 33 80
7 1 5 6 25 27 33 81
7 1 5 6 25 27 33 83
7 1 5 6 25 27 33 87
7 1 5 6 25 27 33 105
7 1 5 6 25 27 33 106
7 1 5 6 25 27 33 114
7 1 5 6 25 27 34 35
7 1 5 6 25 27 34 37
7 1 5 6 25 27 34 40
7 1 5 6 25 27 34 41
7 1 5 6 25 27 34 44
7 1 5 6 25 27 34 48
7 1 5 6 25 27 34 55
7 1 5 6 25 27 34 56
7 1 5 6 25 27 34 59
7 1 5 6 25 27 34 66
7 1 5 6 25 27 34 81
7 1 5 6 25 27 34 83
7 1 5 6 25 27 34 84
7 1 5 6 25 27 34 105
7 1 5 6 25 27 34 107
7 1 5 6 25 27 34 109
7 1 5 6 25 27 35 37
7 1 5 6 25 27 35 38
7 1 5 6 25 27 35 43
7 1 5 6 25 27 35 49
7 1 5 6 25 27 35 59
7 1 5 6 25 27 35 106
7 1 5 6 25 27 35 107
7 1 5 6 25 27 36 38
7 1 5 6 25 27 36 39
7 1 5 6 25 27 36 42
7 1 5 6 25 27 36 48
7 1 5 6 25 27 36 49
7 1 5 6 25 27 36 63
7 1 5 6 25 27 36 68
7 1 5 6 25 27 36 84
7 1 5 6 25 27 36 105
7 1 5 6 25 27 36 106
7 1 5 6 25 27 36 111
7 1 5 6 25 27 37 39
7 1 5 6 25 27 37 41
7 1 5 6 25 27 37 44
7 1 5 6 25 27 37 46
7 1 5 6 25 27 37 57
7 1 5 6 25 27 37 58
7 1 5 6 25 27 37 63
7 1 5 6 25 27 37 67
7 1 5 6 25 27 37 72
7 1 5 6 25 27 37 83
7 1 5 6 25 27 37 105
7 1 5 6 25 27 37 109
7 1 5 6 25 27 37 114
7 1 5 6 25 27 38 44
7 1 5 6 25 27 38 48
7 1 5 6 25 27 38 55
7 1 5 6 25 27 38 72
7 1 5 6 25 27 38 108
7 1 5 6 25 27 38 109
7 1 5 6 25 27 38 114
7 1 5 6 25 27 39 42
7 1 5 6 25 27 39 43
7 1 5 6 25 27 39 56
7 1 5 6 25 27 39 59
7 1 5 6 25 27 39 65
7 1 5 6 25 27 39 71
7 1 5 6 25 27 39 107
7 1 5 6 25 27 39 108
7 1 5 6 25 27 41 58
7 1 5 6 25 27 41 63
7 1 5 6 25 27 41 65
7 1 5 6 25 27 41 66
7 1 5 6 25 27 41 68
7 1 5 6 25 27 41 72
7 1 5 6 25 27 41 85
7 1 5 6 25 27 41 105
7 1 5 6 25 27 42 57
7 1 5 6 25 27 42 67
7 1 5 6 25 27 42 68
7 1 5 6 25 27 42 105
7 1 5 6 25 27 43 46
7 1 5 6 25 27 43 57
7 1 5 6 25 27 43 65
7 1 5 6 25 27 43 67
7 1 5 6 25 27 43 69
7 1 5 6 25 27 43 71
7 1 5 6 25 27 43 88
7 1 5 6 25 27 43 108
7 1 5 6 25 27 43 109
7 1 5 6 25 27 44 46
7 1 5 6 25 27 44 56
7 1 5 6 25 27 44 66
7 1 5 6 25 27 44 67
7 1 5 6 25 27 44 69
7 1 5 6 25 27 44 71
7 1 5 6 25 27 46 58
7 1 5 6 25 27 46 65
7 1 5 6 25 27 46 68
7 1 5 6 25 27 46 72
7 1 5 6 25 27 46 80
7 1 5 6 25 27 46 85
7 1 5 6 25 27 46 89
7 1 5 6 25 27 46 111
7 1 5 6 25 27 48 56
7 1 5 6 25 27 48 63
7 1 5 6 25 27 48 67
7 1 5 6 25 27 48 69
7 1 5 6 25 27 48 71
7 1 5 6 25 27 48 72
7 1 5 6 25 27 48 85
7 1 5 6 25 27 48 86
7 1 5 6 25 27 48 111
7 1 5 6 25 27 48 114
7 1 5 6 25 27 49 55
7 1 5 6 25 27 49 66
7 1 5 6 25 27 49 69
7 1 5 6 25 27 49 88
7 1 5 6 25 27 49 89
7 1 5 6 25 27 49 114
7 1 5 6 25 27 55 57
7 1 5 6 25 27 55 58
7 1 5 6 25 27 55 71
7 1 5 6 25 27 55 81
7 1 5 6 25 27 55 83
7 1 5 6 25 27 55 84
7 1 5 6 25 27 55 86
7 1 5 6 25 27 55 87
7 1 5 6 25 27 55 106
7 1 5 6 25 27 55 107
7 1 5 6 25 27 55 111
7 1 5 6 25 27 56 58
7 1 5 6 25 27 56 59
7 1 5 6 25 27 56 80
7 1 5 6 25 27 56 82
7 1 5 6 25 27 56 83
7 1 5 6 25 27 56 86
7 1 5 6 25 27 56 108
7 1 5 6 25 27 56 109
7 1 5 6 25 27 57 59
7 1 5 6 25 27 57 63
7 1 5 6 25 27 57 81
7 1 5 6 25 27 57 82
7 1 5 6 25 27 57 84
7 1 5 6 25 27 57 85
7 1 5 6 25 27 57 105
7 1 5 6 25 27 57 106
7 1 5 6 25 27 57 107
7 1 5 6 25 27 58 80
7 1 5 6 25 27 58 81
7 1 5 6 25 27 58 83
7 1 5 6 25 27 58 88
7 1 5 6 25 27 58 107
7 1 5 6 25 27 58 108
7 1 5 6 25 27 58 109
7 1 5 6 25 27 58 114
7 1 5 6 25 27 59 72
7 1 5 6 25 27 59 80
7 1 5 6 25 27 59 82
7 1 5 6 25 27 59 84
7 1 5 6 25 27 59 87
7 1 5 6 25 27 59 105
7 1 5 6 25 27 59 106
7 1 5 6 25 27 59 109
7 1 5 6 25 27 59 111
7 1 5 6 25 27 59 114
7 1 5 6 25 27 63 71
7 1 5 6 25 27 63 72
7 1 5 6 25 27 63 83
7 1 5 6 25 27 63 84
7 1 5 6 25 27 63 88
7 1 5 6 25 27 63 89
7 1 5 6 25 27 63 107
7 1 5 6 25 27 63 111
7 1 5 6 25 27 63 114
7 1 5 6 25 27 65 67
7 1 5 6 25 27 65 68
7 1 5 6 25 27 65 71
7 1 5 6 25 27 65 72
7 1 5 6 25 27 65 81
7 1 5 6 25 27 65 82
7 1 5 6 25 27 65 106
7 1 5 6 25 27 65 111
7 1 5 6 25 27 65 114
7 1 5 6 25 27 66 68
7 1 5 6 25 27 66 69
7 1 5 6 25 27 66 72
7 1 5 6 25 27 66 81
7 1 5 6 25 27 66 108
7 1 5 6 25 27 66 111
7 1 5 6 25 27 66 114
7 1 5 6 25 27 67 69
7 1 5 6 25 27 67 71
7 1 5 6 25 27 67 80
7 1 5 6 25 27 67 105
7 1 5 6 25 27 67 107
7 1 5 6 25 27 67 111
7 1 5 6 25 27 67 114
7 1 5 6 25 27 68 71
7 1 5 6 25 27 68 72
7 1 5 6 25 27 68 83
7 1 5 6 25 27 68 107
7 1 5 6 25 27 68 109
7 1 5 6 25 27 68 111
7 1 5 6 25 27 68 114
7 1 5 6 25 27 69 71
7 1 5 6 25 27 69 72
7 1 5 6 25 27 69 82
7 1 5 6 25 27 69 109
7 1 5 6 25 27 69 111
7 1 5 6 25 27 69 114
7 1 5 6 25 27 71 80
7 1 5 6 25 27 71 85
7 1 5 6 25 27 71 86
7 1 5 6 25 27 71 87
7 1 5 6 25 27 71 88
7 1 5 6 25 27 71 89
7 1 5 6 25 27 71 107
7 1 5 6 25 27 71 108
7 1 5 6 25 27 72 84
7 1 5 6 25 27 72 85
7 1 5 6 25 27 72 86
7 1 5 6 25 27 72 87
7 1 5 6 25 27 72 89
7 1 5 6 25 27 72 106
7 1 5 6 25 27 72 107
7 1 5 6 25 27 72 109
7 1 5 6 25 27 80 86
7 1 5 6 25 27 80 87
7 1 5 6 25 27 80 88
7 1 5 6 25 27 80 106
7 1 5 6 25 27 80 107
7 1 5 6 25 27 80 109
7 1 5 6 25 27 80 111
7 1 5 6 25 27 81 85
7 1 5 6 25 27 81 88
7 1 5 6 25 27 81 89
7 1 5 6 25 27 81 107
7 1 5 6 25 27 81 111
7 1 5 6 25 27 81 114
7 1 5 6 25 27 82 85
7 1 5 6 25 27 82 86
7 1 5 6 25 27 82 105
7 1 5 6 25 27 82 107
7 1 5 6 25 27 82 114
7 1 5 6 25 27 83 87
7 1 5 6 25 27 83 89
7 1 5 6 25 27 83 105
7 1 5 6 25 27 83 106
7 1 5 6 25 27 83 108
7 1 5 6 25 27 83 111
7 1 5 6 25 27 84 85
7 1 5 6 25 27 84 86
7 1 5 6 25 27 84 106
7 1 5 6 25 27 84 108
7 1 5 6 25 27 84 109
7 1 5 6 25 27 84 114
7 1 5 6 25 27 85 106
7 1 5 6 25 27 85 107
7 1 5 6 25 27 85 111
7 1 5 6 25 27 85 114
7 1 5 6 25 27 86 109
7 1 5 6 25 27 86 111
7 1 5 6 25 27 86 114
7 1 5 6 25 27 87 107
7 1 5 6 25 27 87 111
7 1 5 6 25 27 88 105
7 1 5 6 25 27 88 111
7 1 5 6 25 27 88 114
7 1 5 6 25 27 89 108
7 1 5 6 25 27 89 111
7 1 5 6 25 27 89 114
7 1 5 6 25 27 105 107
7 1 5 6 25 27 105 108
7 1 5 6 25 27 105 114
7 1 5 6 25 27 106 108
7 1 5 6 25 27 106 109
7 1 5 6 25 27 107 109
7 1 5 6 25 27 107 111
7 1 5 6 25 27 109 111
7 1 5 6 25 27 111 114
7 1 5 6 25 31 38 69
7 1 5 6 25 31 38 77
7 1 5 6 25 31 38 89
7 1 5 6 25 31 38 96
7 1 5 6 25 31 39 47
7 1 5 6 25 31 39 63
7 1 5 6 25 31 39 65
7 1 5 6 25 31 39 69
7 1 5 6 25 31 39 71
7 1 5 6 25 31 39 96
7 1 5 6 25 31 39 107
7 1 5 6 25 31 39 108
7 1 5 6 25 31 44 63
7 1 5 6 25 31 44 67
7 1 5 6 25 31 44 71
7 1 5 6 25 31 44 77
7 1 5 6 25 31 44 82
7 1 5 6 25 31 44 89
7 1 5 6 25 31 44 107
7 1 5 6 25 31 53 67
7 1 5 6 25 31 53 85
7 1 5 6 25 31 53 86
7 1 5 6 25 31 53 107
7 1 5 6 25 31 53 116
7 1 5 6 25 31 58 69
7 1 5 6 25 31 58 89
7 1 5 6 25 31 58 116
7 1 5 6 25 31 59 67
7 1 5 6 25 31 59 73
7 1 5 6 25 31 59 111
7 1 5 6 25 31 59 116
7 1 5 6 25 31 63 84
7 1 5 6 25 31 63 89
7 1 5 6 25 31 63 107
7 1 5 6 25 31 63 111
7 1 5 6 25 31 69 82
7 1 5 6 25 31 69 97
7 1 5 6 25 31 69 111
7 1 5 6 25 31 69 116
7 1 5 6 25 31 77 85
7 1 5 6 25 31 77 107
7 1 5 6 25 31 77 111
7 1 5 6 25 31 82 86
7 1 5 6 25 31 82 108
7 1 5 6 25 31 84 96
7 1 5 6 25 31 89 97
7 1 5 6 25 31 89 108
7 1 5 6 25 31 89 111
7 1 5 6 25 32 36 43
7 1 5 6 25 32 36 53
7 1 5 6 25 32 36 68
7 1 5 6 25 32 43 57
7 1 5 6 25 32 43 65
7 1 5 6 25 32 43 69
7 1 5 6 25 32 43 72
7 1 5 6 25 32 43 77
7 1 5 6 25 32 43 83
7 1 5 6 25 32 43 88
7 1 5 6 25 32 43 96
7 1 5 6 25 32 43 109
7 1 5 6 25 32 46 53
7 1 5 6 25 32 46 55
7 1 5 6 25 32 46 80
7 1 5 6 25 32 51 55
7 1 5 6 25 32 51 69
7 1 5 6 25 32 51 80
7 1 5 6 25 32 51 82
7 1 5 6 25 32 51 83
7 1 5 6 25 32 51 88
7 1 5 6 25 32 51 96
7 1 5 6 25 32 51 107
7 1 5 6 25 32 51 109
7 1 5 6 25 32 53 55
7 1 5 6 25 32 53 56
7 1 5 6 25 32 53 67
7 1 5 6 25 32 53 88
7 1 5 6 25 32 53 106
7 1 5 6 25 32 53 107
7 1 5 6 25 32 55 72
7 1 5 6 25 32 55 77
7 1 5 6 25 32 55 107
7 1 5 6 25 32 56 65
7 1 5 6 25 32 56 72
7 1 5 6 25 32 56 76
7 1 5 6 25 32 56 77
7 1 5 6 25 32 56 82
7 1 5 6 25 32 56 83
7 1 5 6 25 32 57 77
7 1 5 6 25 32 65 76
7 1 5 6 25 32 65 77
7 1 5 6 25 32 65 82
7 1 5 6 25 32 65 96
7 1 5 6 25 32 65 106
7 1 5 6 25 32 67 80
7 1 5 6 25 32 67 96
7 1 5 6 25 32 67 107
7 1 5 6 25 32 68 72
7 1 5 6 25 32 68 83
7 1 5 6 25 32 68 96
7 1 5 6 25 32 68 107
7 1 5 6 25 32 68 109
7 1 5 6 25 32 69 77
7 1 5 6 25 32 69 82
7 1 5 6 25 32 69 109
7 1 5 6 25 32 72 89
7 1 5 6 25 32 72 106
7 1 5 6 25 32 72 107
7 1 5 6 25 32 72 109
7 1 5 6 25 32 76 80
7 1 5 6 25 32 76 88
7 1 5 6 25 32 76 89
7 1 5 6 25 32 76 107
7 1 5 6 25 32 76 109
7 1 5 6 25 32 77 89
7 1 5 6 25 32 77 107
7 1 5 6 25 32 80 89
7 1 5 6 25 32 80 96
7 1 5 6 25 32 80 107
7 1 5 6 25 32 83 96
7 1 5 6 25 32 89 96
7 1 5 6 25 32 89 109
7 1 5 6 25 33 37 46
7 1 5 6 25 33 37 51
7 1 5 6 25 33 37 65
7 1 5 6 25 33 37 66
7 1 5 6 25 33 37 67
7 1 5 6 25 33 37 77
7 1 5 6 25 33 37 98
7 1 5 6 25 33 37 114
7 1 5 6 25 33 41 58
7 1 5 6 25 33 41 68
7 1 5 6 25 33 41 87
7 1 5 6 25 33 41 106
7 1 5 6 25 33 42 51
7 1 5 6 25 33 42 57
7 1 5 6 25 33 42 67
7 1 5 6 25 33 46 53
7 1 5 6 25 33 46 57
7 1 5 6 25 33 46 58
7 1 5 6 25 33 46 64
7 1 5 6 25 33 46 68
7 1 5 6 25 33 46 80
7 1 5 6 25 33 46 81
7 1 5 6 25 33 46 113
7 1 5 6 25 33 51 59
7 1 5 6 25 33 51 81
7 1 5 6 25 33 51 83
7 1 5 6 25 33 51 87
7 1 5 6 25 33 51 108
7 1 5 6 25 33 51 113
7 1 5 6 25 33 53 57
7 1 5 6 25 33 53 80
7 1 5 6 25 33 53 106
7 1 5 6 25 33 53 108
7 1 5 6 25 33 53 114
7 1 5 6 25 33 57 76
7 1 5 6 25 33 57 77
7 1 5 6 25 33 57 106
7 1 5 6 25 33 58 114
7 1 5 6 25 33 59 87
7 1 5 6 25 33 59 114
7 1 5 6 25 33 64 67
7 1 5 6 25 33 64 68
7 1 5 6 25 33 64 77
7 1 5 6 25 33 64 83
7 1 5 6 25 33 64 87
7 1 5 6 25 33 64 113
7 1 5 6 25 33 64 114
7 1 5 6 25 33 65 76
7 1 5 6 25 33 65 81
7 1 5 6 25 33 65 106
7 1 5 6 25 33 65 108
7 1 5 6 25 33 65 113
7 1 5 6 25 33 66 76
7 1 5 6 25 33 66 80
7 1 5 6 25 33 66 81
7 1 5 6 25 33 66 98
7 1 5 6 25 33 66 108
7 1 5 6 25 33 66 113
7 1 5 6 25 33 66 114
7 1 5 6 25 33 67 80
7 1 5 6 25 33 67 114
7 1 5 6 25 33 68 83
7 1 5 6 25 33 68 98
7 1 5 6 25 33 68 114
7 1 5 6 25 33 76 80
7 1 5 6 25 33 76 108
7 1 5 6 25 33 76 113
7 1 5 6 25 33 76 114
7 1 5 6 25 33 77 106
7 1 5 6 25 33 77 108
7 1 5 6 25 33 77 113
7 1 5 6 25 33 80 98
7 1 5 6 25 33 83 87
7 1 5 6 25 33 87 108
7 1 5 6 25 33 87 113
7 1 5 6 25 33 87 114
7 1 5 6 25 33 98 106
7 1 5 6 25 34 51 55
7 1 5 6 25 34 51 81
7 1 5 6 25 34 51 83
7 1 5 6 25 34 51 88
7 1 5 6 25 34 51 107
7 1 5 6 25 34 51 109
7 1 5 6 25 34 51 117
7 1 5 6 25 34 53 81
7 1 5 6 25 34 53 84
7 1 5 6 25 34 53 107
7 1 5 6 25 34 53 109
7 1 5 6 25 34 55 72
7 1 5 6 25 34 55 77
7 1 5 6 25 34 55 83
7 1 5 6 25 34 55 84
7 1 5 6 25 34 55 117
7 1 5 6 25 34 56 76
7 1 5 6 25 34 56 77
7 1 5 6 25 34 56 109
7 1 5 6 25 34 56 117
7 1 5 6 25 34 61 65
7 1 5 6 25 34 61 77
7 1 5 6 25 34 61 81
7 1 5 6 25 34 61 98
7 1 5 6 25 34 66 76
7 1 5 6 25 34 66 81
7 1 5 6 25 34 72 107
7 1 5 6 25 34 72 109
7 1 5 6 25 34 76 88
7 1 5 6 25 34 76 107
7 1 5 6 25 34 76 109
7 1 5 6 25 34 76 117
7 1 5 6 25 34 77 107
7 1 5 6 25 34 77 109
7 1 5 6 25 34 81 98
7 1 5 6 25 34 81 109
7 1 5 6 25 37 51 63
7 1 5 6 25 37 51 64
7 1 5 6 25 37 51 83
7 1 5 6 25 37 51 85
7 1 5 6 25 37 51 91
7 1 5 6 25 37 53 61
7 1 5 6 25 37 53 98
7 1 5 6 25 37 53 109
7 1 5 6 25 37 53 122
7 1 5 6 25 37 57 85
7 1 5 6 25 37 58 83
7 1 5 6 25 37 58 89
7 1 5 6 25 37 58 94
7 1 5 6 25 37 58 109
7 1 5 6 25 37 58 114
7 1 5 6 25 37 63 83
7 1 5 6 25 37 63 98
7 1 5 6 25 37 63 114
7 1 5 6 25 37 63 122
7 1 5 6 25 37 64 77
7 1 5 6 25 37 64 83
7 1 5 6 25 37 64 109
7 1 5 6 25 37 64 114
7 1 5 6 25 37 64 121
7 1 5 6 25 37 77 109
7 1 5 6 25 37 83 91
7 1 5 6 25 37 83 121
7 1 5 6 25 37 89 97
7 1 5 6 25 37 89 109
7 1 5 6 25 37 89 114
7 1 5 6 25 37 89 121
7 1 5 6 25 37 94 109
7 1 5 6 25 37 94 114
7 1 5 6 25 37 109 122
7 1 5 6 25 38 51 88
7 1 5 6 25 38 51 108
7 1 5 6 25 38 51 109
7 1 5 6 25 38 53 61
7 1 5 6 25 38 53 88
7 1 5 6 25 38 53 94
7 1 5 6 25 38 53 98
7 1 5 6 25 38 53 109
7 1 5 6 25 38 53 114
7 1 5 6 25 38 55 72
7 1 5 6 25 38 55 108
7 1 5 6 25 38 55 113
7 1 5 6 25 38 57 77
7 1 5 6 25 38 64 77
7 1 5 6 25 38 64 88
7 1 5 6 25 38 64 109
7 1 5 6 25 38 64 113
7 1 5 6 25 38 64 114
7 1 5 6 25 38 69 109
7 1 5 6 25 38 69 114
7 1 5 6 25 38 76 108
7 1 5 6 25 38 76 109
7 1 5 6 25 38 76 113
7 1 5 6 25 38 77 108
7 1 5 6 25 38 77 109
7 1 5 6 25 38 77 113
7 1 5 6 25 38 77 114
7 1 5 6 25 38 88 114
7 1 5 6 25 51 81 107
7 1 5 6 25 51 81 109
7 1 5 6 25 51 82 108
7 1 5 6 25 51 83 111
7 1 5 6 25 51 85 117
7 1 5 6 25 51 87 108
7 1 5 6 25 51 87 113
7 1 5 6 25 51 91 109
7 1 5 6 25 51 96 117
7 1 5 6 25 53 80 107
7 1 5 6 25 53 80 109
7 1 5 6 25 53 81 107
7 1 5 6 25 53 81 109
7 1 5 6 25 53 84 108
7 1 5 6 25 53 84 114
7 1 5 6 25 53 86 122
7 1 5 6 25 53 94 109
7 1 5 6 25 53 98 117
7 1 5 6 25 56 83 121
7 1 5 6 25 57 81 107
7 1 5 6 25 57 81 122
7 1 5 6 25 58 81 107
7 1 5 7 25 27 31 33
7 1 5 7 25 27 31 39
7 1 5 7 25 27 31 40
7 1 5 7 25 27 31 41
7 1 5 7 25 27 31 42
7 1 5 7 25 27 31 46
7 1 5 7 25 27 33 37
7 1 5 7 25 27 33 41
7 1 5 7 25 27 33 42
7 1 5 7 25 27 33 43
7 1 5 7 25 27 33 49
7 1 5 7 25 27 33 66
7 1 5 7 25 27 35 37
7 1 5 7 25 27 35 38
7 1 5 7 25 27 35 41
7 1 5 7 25 27 35 43
7 1 5 7 25 27 35 46
7 1 5 7 25 27 35 49
7 1 5 7 25 27 35 57
7 1 5 7 25 27 35 69
7 1 5 7 25 27 35 71
7 1 5 7 25 27 35 109
7 1 5 7 25 27 35 111
7 1 5 7 25 27 36 38
7 1 5 7 25 27 36 39
7 1 5 7 25 27 36 40
7 1 5 7 25 27 36 42
7 1 5 7 25 27 36 46
7 1 5 7 25 27 36 49
7 1 5 7 25 27 36 68
7 1 5 7 25 27 37 39
7 1 5 7 25 27 37 40
7 1 5 7 25 27 37 41
7 1 5 7 25 27 37 46
7 1 5 7 25 27 37 57
7 1 5 7 25 27 37 82
7 1 5 7 25 27 37 94
7 1 5 7 25 27 38 44
7 1 5 7 25 27 38 61
7 1 5 7 25 27 38 81
7 1 5 7 25 27 38 93
7 1 5 7 25 27 38 106
7 1 5 7 25 27 39 42
7 1 5 7 25 27 39 43
7 1 5 7 25 27 39 49
7 1 5 7 25 27 39 59
7 1 5 7 25 27 39 65
7 1 5 7 25 27 39 71
7 1 5 7 25 27 40 49
7 1 5 7 25 27 40 66
7 1 5 7 25 27 40 68
7 1 5 7 25 27 40 71
7 1 5 7 25 27 40 94
7 1 5 7 25 27 40 106
7 1 5 7 25 27 41 65
7 1 5 7 25 27 41 69
7 1 5 7 25 27 41 85
7 1 5 7 25 27 41 94
7 1 5 7 25 27 42 62
7 1 5 7 25 27 42 66
7 1 5 7 25 27 42 89
7 1 5 7 25 27 42 93
7 1 5 7 25 27 43 46
7 1 5 7 25 27 43 61
7 1 5 7 25 27 43 67
7 1 5 7 25 27 43 69
7 1 5 7 25 27 43 71
7 1 5 7 25 27 43 88
7 1 5 7 25 27 43 93
7 1 5 7 25 27 44 65
7 1 5 7 25 27 44 71
7 1 5 7 25 27 44 93
7 1 5 7 25 27 44 94
7 1 5 7 25 27 46 68
7 1 5 7 25 27 46 89
7 1 5 7 25 27 46 93
7 1 5 7 25 27 46 94
7 1 5 7 25 27 49 69
7 1 5 7 25 27 49 88
7 1 5 7 25 27 49 93
7 1 5 7 25 27 49 94
7 1 5 7 25 27 61 71
7 1 5 7 25 27 62 71
7 1 5 7 25 27 65 71
7 1 5 7 25 27 65 94
7 1 5 7 25 27 67 71
7 1 5 7 25 27 67 111
7 1 5 7 25 27 68 71
7 1 5 7 25 27 68 111
7 1 5 7 25 27 71 111
7 1 5 7 25 31 35 47
7 1 5 7 25 31 35 67
7 1 5 7 25 31 35 69
7 1 5 7 25 31 35 97
7 1 5 7 25 31 39 46
7 1 5 7 25 31 39 63
7 1 5 7 25 31 39 67
7 1 5 7 25 31 39 69
7 1 5 7 25 31 39 76
7 1 5 7 25 31 39 96
7 1 5 7 25 31 40 63
7 1 5 7 25 31 40 66
7 1 5 7 25 31 40 67
7 1 5 7 25 31 40 81
7 1 5 7 25 31 41 63
7 1 5 7 25 31 41 65
7 1 5 7 25 31 41 69
7 1 5 7 25 31 41 80
7 1 5 7 25 31 41 85
7 1 5 7 25 31 42 66
7 1 5 7 25 31 42 85
7 1 5 7 25 31 42 89
7 1 5 7 25 31 42 97
7 1 5 7 25 31 44 63
7 1 5 7 25 31 44 65
7 1 5 7 25 31 44 76
7 1 5 7 25 31 44 82
7 1 5 7 25 31 44 89
7 1 5 7 25 31 46 58
7 1 5 7 25 31 46 82
7 1 5 7 25 31 46 113
7 1 5 7 25 31 47 59
7 1 5 7 25 31 47 67
7 1 5 7 25 31 59 67
7 1 5 7 25 31 63 113
7 1 5 7 25 31 65 81
7 1 5 7 25 31 65 97
7 1 5 7 25 31 66 80
7 1 5 7 25 31 66 96
7 1 5 7 25 31 66 113
7 1 5 7 25 31 67 96
7 1 5 7 25 31 69 82
7 1 5 7 25 31 69 97
7 1 5 7 25 31 69 113
7 1 5 7 25 31 80 96
7 1 5 7 25 31 81 85
7 1 5 7 25 31 81 89
7 1 5 7 25 31 81 96
7 1 5 7 25 31 81 97
7 1 5 7 25 31 82 97
7 1 5 7 25 31 85 97
7 1 5 7 25 31 85 113
7 1 5 7 25 31 89 113
7 1 5 7 25 31 97 113
7 1 5 7 25 33 37 40
7 1 5 7 25 33 37 46
7 1 5 7 25 33 37 66
7 1 5 7 25 33 37 99
7 1 5 7 25 33 40 62
7 1 5 7 25 33 40 88
7 1 5 7 25 33 41 62
7 1 5 7 25 33 41 68
7 1 5 7 25 33 41 86
7 1 5 7 25 33 42 62
7 1 5 7 25 33 42 65
7 1 5 7 25 33 42 66
7 1 5 7 25 33 42 74
7 1 5 7 25 33 43 67
7 1 5 7 25 33 43 88
7 1 5 7 25 33 43 108
7 1 5 7 25 33 46 53
7 1 5 7 25 33 46 82
7 1 5 7 25 33 53 88
7 1 5 7 25 33 55 81
7 1 5 7 25 33 62 74
7 1 5 7 25 33 62 82
7 1 5 7 25 33 67 99
7 1 5 7 25 33 68 83
7 1 5 7 25 33 74 108
7 1 5 7 25 33 83 99
7 1 5 7 25 33 86 109
7 1 5 7 25 33 88 99
7 1 5 7 25 33 99 108
7 1 5 7 25 34 40 61
7 1 5 7 25 34 40 68
7 1 5 7 25 34 41 74
7 1 5 7 25 34 41 86
7 1 5 7 25 34 44 65
7 1 5 7 25 34 44 66
7 1 5 7 25 34 57 81
7 1 5 7 25 34 61 74
7 1 5 7 25 34 66 80
7 1 5 7 25 34 69 99
7 1 5 7 25 34 80 99
7 1 5 7 25 34 84 99
7 1 5 7 25 34 86 99
7 1 5 7 25 35 51 93
7 1 5 7 25 35 57 69
7 1 5 7 25 35 57 71
7 1 5 7 25 35 57 81
7 1 5 7 25 35 63 71
7 1 5 7 25 35 63 81
7 1 5 7 25 35 81 92
7 1 5 7 25 35 81 97
7 1 5 7 25 35 86 99
7 1 5 7 25 35 93 109
7 1 5 7 25 36 62 96
7 1 5 7 25 38 65 94
7 1 5 7 25 38 74 94
7 1 5 7 25 39 65 93
8 1 5 6 25 26 30 31 44
8 1 5 6 25 26 30 32 46
8 1 5 6 25 26 30 32 49
8 1 5 6 25 26 30 33 37
8 1 5 6 25 26 30 33 38
8 1 5 6 25 26 30 33 46
8 1 5 6 25 26 30 33 48
8 1 5 6 25 26 30 34 49
8 1 5 6 25 26 30 37 38
8 1 5 6 25 26 30 38 48
8 1 5 6 25 26 30 38 96
8 1 5 6 25 26 30 38 108
8 1 5 6 25 26 30 38 109
8 1 5 6 25 26 30 44 116
8 1 5 6 25 26 31 32 42
8 1 5 6 25 26 31 32 47
8 1 5 6 25 26 31 32 69
8 1 5 6 25 26 31 33 48
8 1 5 6 25 26 31 34 35
8 1 5 6 25 26 31 34 47
8 1 5 6 25 26 31 35 39
8 1 5 6 25 26 31 35 47
8 1 5 6 25 26 31 35 96
8 1 5 6 25 26 31 35 116
8 1 5 6 25 26 31 38 48
8 1 5 6 25 26 31 38 63
8 1 5 6 25 26 31 38 69
8 1 5 6 25 26 31 38 96
8 1 5 6 25 26 31 39 40
8 1 5 6 25 26 31 39 44
8 1 5 6 25 26 31 39 96
8 1 5 6 25 26 31 39 107
8 1 5 6 25 26 31 39 108
8 1 5 6 25 26 31 40 42
8 1 5 6 25 26 31 40 44
8 1 5 6 25 26 31 40 96
8 1 5 6 25 26 31 40 116
8 1 5 6 25 26 31 42 44
8 1 5 6 25 26 31 42 47
8 1 5 6 25 26 31 42 48
8 1 5 6 25 26 31 42 84
8 1 5 6 25 26 31 42 85
8 1 5 6 25 26 31 44 63
8 1 5 6 25 26 31 44 69
8 1 5 6 25 26 31 44 107
8 1 5 6 25 26 31 44 116
8 1 5 6 25 26 31 47 48
8 1 5 6 25 26 31 48 85
8 1 5 6 25 26 31 48 108
8 1 5 6 25 26 31 63 69
8 1 5 6 25 26 31 65 69
8 1 5 6 25 26 31 65 96
8 1 5 6 25 26 31 65 116
8 1 5 6 25 26 31 69 116
8 1 5 6 25 26 32 33 40
8 1 5 6 25 26 32 33 46
8 1 5 6 25 26 32 34 35
8 1 5 6 25 26 32 34 47
8 1 5 6 25 26 32 34 49
8 1 5 6 25 26 32 35 47
8 1 5 6 25 26 32 35 106
8 1 5 6 25 26 32 35 107
8 1 5 6 25 26 32 36 37
8 1 5 6 25 26 32 36 42
8 1 5 6 25 26 32 36 43
8 1 5 6 25 26 32 37 57
8 1 5 6 25 26 32 37 83
8 1 5 6 25 26 32 37 89
8 1 5 6 25 26 32 37 109
8 1 5 6 25 26 32 40 42
8 1 5 6 25 26 32 40 43
8 1 5 6 25 26 32 40 47
8 1 5 6 25 26 32 40 69
8 1 5 6 25 26 32 40 106
8 1 5 6 25 26 32 42 43
8 1 5 6 25 26 32 42 68
8 1 5 6 25 26 32 43 69
8 1 5 6 25 26 32 43 83
8 1 5 6 25 26 32 43 88
8 1 5 6 25 26 32 43 109
8 1 5 6 25 26 32 47 88
8 1 5 6 25 26 32 49 69
8 1 5 6 25 26 32 49 88
8 1 5 6 25 26 32 49 89
8 1 5 6 25 26 32 68 69
8 1 5 6 25 26 32 68 88
8 1 5 6 25 26 33 34 43
8 1 5 6 25 26 33 37 46
8 1 5 6 25 26 33 38 40
8 1 5 6 25 26 33 38 41
8 1 5 6 25 26 33 38 108
8 1 5 6 25 26 33 39 108
8 1 5 6 25 26 33 40 41
8 1 5 6 25 26 33 40 43
8 1 5 6 25 26 33 40 87
8 1 5 6 25 26 33 40 106
8 1 5 6 25 26 33 41 43
8 1 5 6 25 26 33 41 106
8 1 5 6 25 26 33 43 67
8 1 5 6 25 26 33 48 108
8 1 5 6 25 26 34 35 36
8 1 5 6 25 26 34 35 43
8 1 5 6 25 26 34 35 44
8 1 5 6 25 26 34 35 107
8 1 5 6 25 26 34 36 49
8 1 5 6 25 26 34 39 107
8 1 5 6 25 26 34 41 43
8 1 5 6 25 26 34 41 44
8 1 5 6 25 26 34 41 49
8 1 5 6 25 26 34 41 61
8 1 5 6 25 26 34 43 44
8 1 5 6 25 26 34 43 109
8 1 5 6 25 26 34 44 107
8 1 5 6 25 26 34 47 49
8 1 5 6 25 26 35 36 48
8 1 5 6 25 26 35 36 106
8 1 5 6 25 26 35 36 121
8 1 5 6 25 26 35 37 41
8 1 5 6 25 26 35 37 44
8 1 5 6 25 26 35 37 47
8 1 5 6 25 26 35 38 41
8 1 5 6 25 26 35 38 43
8 1 5 6 25 26 35 38 47
8 1 5 6 25 26 35 38 48
8 1 5 6 25 26 35 39 46
8 1 5 6 25 26 35 39 96
8 1 5 6 25 26 35 39 107
8 1 5 6 25 26 35 41 43
8 1 5 6 25 26 35 41 44
8 1 5 6 25 26 35 41 61
8 1 5 6 25 26 35 41 106
8 1 5 6 25 26 35 41 116
8 1 5 6 25 26 35 43 48
8 1 5 6 25 26 35 43 116
8 1 5 6 25 26 35 43 121
8 1 5 6 25 26 35 44 46
8 1 5 6 25 26 35 44 56
8 1 5 6 25 26 35 44 67
8 1 5 6 25 26 35 44 107
8 1 5 6 25 26 35 46 56
8 1 5 6 25 26 35 46 81
8 1 5 6 25 26 35 46 121
8 1 5 6 25 26 35 48 73
8 1 5 6 25 26 35 56 121
8 1 5 6 25 26 35 61 66
8 1 5 6 25 26 35 61 81
8 1 5 6 25 26 35 61 86
8 1 5 6 25 26 35 66 116
8 1 5 6 25 26 35 67 96
8 1 5 6 25 26 35 67 107
8 1 5 6 25 26 35 73 86
8 1 5 6 25 26 35 73 106
8 1 5 6 25 26 35 73 107
8 1 5 6 25 26 35 73 121
8 1 5 6 25 26 35 81 86
8 1 5 6 25 26 35 81 96
8 1 5 6 25 26 35 86 96
8 1 5 6 25 26 35 96 121
8 1 5 6 25 26 35 106 121
8 1 5 6 25 26 36 37 65
8 1 5 6 25 26 36 38 40
8 1 5 6 25 26 36 38 43
8 1 5 6 25 26 36 39 40
8 1 5 6 25 26 36 39 42
8 1 5 6 25 26 36 39 49
8 1 5 6 25 26 36 39 121
8 1 5 6 25 26 36 40 43
8 1 5 6 25 26 36 40 106
8 1 5 6 25 26 36 40 121
8 1 5 6 25 26 36 42 43
8 1 5 6 25 26 36 42 73
8 1 5 6 25 26 36 42 84
8 1 5 6 25 26 36 42 85
8 1 5 6 25 26 36 42 121
8 1 5 6 25 26 36 43 121
8 1 5 6 25 26 36 48 73
8 1 5 6 25 26 36 65 106
8 1 5 6 25 26 36 65 121
8 1 5 6 25 26 36 73 85
8 1 5 6 25 26 36 73 106
8 1 5 6 25 26 36 73 121
8 1 5 6 25 26 36 80 121
8 1 5 6 25 26 36 84 106
8 1 5 6 25 26 36 85 106
8 1 5 6 25 26 36 106 121
8 1 5 6 25 26 37 38 57
8 1 5 6 25 26 37 38 94
8 1 5 6 25 26 37 38 109
8 1 5 6 25 26 37 41 47
8 1 5 6 25 26 37 41 94
8 1 5 6 25 26 37 44 63
8 1 5 6 25 26 37 44 94
8 1 5 6 25 26 37 57 63
8 1 5 6 25 26 37 57 94
8 1 5 6 25 26 37 58 63
8 1 5 6 25 26 37 58 83
8 1 5 6 25 26 37 58 89
8 1 5 6 25 26 37 58 94
8 1 5 6 25 26 37 58 109
8 1 5 6 25 26 37 63 83
8 1 5 6 25 26 37 65 94
8 1 5 6 25 26 37 83 89
8 1 5 6 25 26 37 89 94
8 1 5 6 25 26 37 89 109
8 1 5 6 25 26 37 94 109
8 1 5 6 25 26 38 39 108
8 1 5 6 25 26 38 39 113
8 1 5 6 25 26 38 40 68
8 1 5 6 25 26 38 41 47
8 1 5 6 25 26 38 43 63
8 1 5 6 25 26 38 43 69
8 1 5 6 25 26 38 43 88
8 1 5 6 25 26 38 43 109
8 1 5 6 25 26 38 47 113
8 1 5 6 25 26 38 48 108
8 1 5 6 25 26 38 48 113
8 1 5 6 25 26 38 49 69
8 1 5 6 25 26 38 49 88
8 1 5 6 25 26 38 49 94
8 1 5 6 25 26 38 49 96
8 1 5 6 25 26 38 49 113
8 1 5 6 25 26 38 63 68
8 1 5 6 25 26 38 63 69
8 1 5 6 25 26 38 68 88
8 1 5 6 25 26 38 68 94
8 1 5 6 25 26 38 68 96
8 1 5 6 25 26 38 68 109
8 1 5 6 25 26 38 68 113
8 1 5 6 25 26 38 69 94
8 1 5 6 25 26 38 69 109
8 1 5 6 25 26 38 69 113
8 1 5 6 25 26 38 88 94
8 1 5 6 25 26 38 94 108
8 1 5 6 25 26 38 94 109
8 1 5 6 25 26 39 40 42
8 1 5 6 25 26 39 40 87
8 1 5 6 25 26 39 42 121
8 1 5 6 25 26 39 46 113
8 1 5 6 25 26 39 46 121
8 1 5 6 25 26 39 49 113
8 1 5 6 25 26 39 61 113
8 1 5 6 25 26 39 87 113
8 1 5 6 25 26 39 96 121
8 1 5 6 25 26 40 42 116
8 1 5 6 25 26 40 42 121
8 1 5 6 25 26 40 43 116
8 1 5 6 25 26 40 43 121
8 1 5 6 25 26 40 46 49
8 1 5 6 25 26 40 46 81
8 1 5 6 25 26 40 46 121
8 1 5 6 25 26 40 47 49
8 1 5 6 25 26 40 47 73
8 1 5 6 25 26 40 49 96
8 1 5 6 25 26 40 61 66
8 1 5 6 25 26 40 61 81
8 1 5 6 25 26 40 61 86
8 1 5 6 25 26 40 66 116
8 1 5 6 25 26 40 68 73
8 1 5 6 25 26 40 68 96
8 1 5 6 25 26 40 68 121
8 1 5 6 25 26 40 69 73
8 1 5 6 25 26 40 69 87
8 1 5 6 25 26 40 69 106
8 1 5 6 25 26 40 69 116
8 1 5 6 25 26 40 69 121
8 1 5 6 25 26 40 73 86
8 1 5 6 25 26 40 73 87
8 1 5 6 25 26 40 73 106
8 1 5 6 25 26 40 73 121
8 1 5 6 25 26 40 81 86
8 1 5 6 25 26 40 81 96
8 1 5 6 25 26 40 86 96
8 1 5 6 25 26 40 96 116
8 1 5 6 25 26 40 96 121
8 1 5 6 25 26 41 43 116
8 1 5 6 25 26 41 44 116
8 1 5 6 25 26 41 47 49
8 1 5 6 25 26 41 47 94
8 1 5 6 25 26 41 49 66
8 1 5 6 25 26 41 61 65
8 1 5 6 25 26 41 61 85
8 1 5 6 25 26 41 65 106
8 1 5 6 25 26 41 65 116
8 1 5 6 25 26 41 66 85
8 1 5 6 25 26 41 66 94
8 1 5 6 25 26 41 68 94
8 1 5 6 25 26 41 85 106
8 1 5 6 25 26 41 94 106
8 1 5 6 25 26 42 44 116
8 1 5 6 25 26 42 47 73
8 1 5 6 25 26 42 47 94
8 1 5 6 25 26 42 65 94
8 1 5 6 25 26 42 65 121
8 1 5 6 25 26 42 68 84
8 1 5 6 25 26 42 68 121
8 1 5 6 25 26 42 73 85
8 1 5 6 25 26 42 73 121
8 1 5 6 25 26 42 84 94
8 1 5 6 25 26 42 85 94
8 1 5 6 25 26 43 63 69
8 1 5 6 25 26 43 63 88
8 1 5 6 25 26 43 63 113
8 1 5 6 25 26 43 65 96
8 1 5 6 25 26 43 65 113
8 1 5 6 25 26 43 65 116
8 1 5 6 25 26 43 65 121
8 1 5 6 25 26 43 67 96
8 1 5 6 25 26 43 69 109
8 1 5 6 25 26 43 69 121
8 1 5 6 25 26 43 83 96
8 1 5 6 25 26 43 96 116
8 1 5 6 25 26 43 109 116
8 1 5 6 25 26 44 48 73
8 1 5 6 25 26 44 48 94
8 1 5 6 25 26 44 63 69
8 1 5 6 25 26 44 63 88
8 1 5 6 25 26 44 66 73
8 1 5 6 25 26 44 66 94
8 1 5 6 25 26 44 66 116
8 1 5 6 25 26 44 67 94
8 1 5 6 25 26 44 67 107
8 1 5 6 25 26 44 73 88
8 1 5 6 25 26 44 73 107
8 1 5 6 25 26 44 88 94
8 1 5 6 25 26 44 94 107
8 1 5 6 25 26 46 65 113
8 1 5 6 25 26 46 85 113
8 1 5 6 25 26 47 49 94
8 1 5 6 25 26 47 49 113
8 1 5 6 25 26 47 65 73
8 1 5 6 25 26 47 65 94
8 1 5 6 25 26 47 65 113
8 1 5 6 25 26 47 67 73
8 1 5 6 25 26 47 67 94
8 1 5 6 25 26 47 73 87
8 1 5 6 25 26 47 73 88
8 1 5 6 25 26 47 73 113
8 1 5 6 25 26 47 87 94
8 1 5 6 25 26 47 88 94
8 1 5 6 25 26 48 67 94
8 1 5 6 25 26 48 69 73
8 1 5 6 25 26 48 69 113
8 1 5 6 25 26 48 73 86
8 1 5 6 25 26 48 73 113
8 1 5 6 25 26 48 85 94
8 1 5 6 25 26 48 85 113
8 1 5 6 25 26 48 86 94
8 1 5 6 25 26 48 94 108
8 1 5 6 25 26 49 66 94
8 1 5 6 25 26 49 66 113
8 1 5 6 25 26 49 69 94
8 1 5 6 25 26 49 69 113
8 1 5 6 25 26 49 89 96
8 1 5 6 25 26 49 89 113
8 1 5 6 25 26 61 65 73
8 1 5 6 25 26 61 65 113
8 1 5 6 25 26 63 69 73
8 1 5 6 25 26 63 69 113
8 1 5 6 25 26 63 73 113
8 1 5 6 25 26 65 67 73
8 1 5 6 25 26 65 67 94
8 1 5 6 25 26 65 67 96
8 1 5 6 25 26 65 67 113
8 1 5 6 25 26 65 68 94
8 1 5 6 25 26 65 68 96
8 1 5 6 25 26 65 68 113
8 1 5 6 25 26 65 73 86
8 1 5 6 25 26 65 73 113
8 1 5 6 25 26 65 73 121
8 1 5 6 25 26 65 86 113
8 1 5 6 25 26 65 96 116
8 1 5 6 25 26 66 68 94
8 1 5 6 25 26 66 69 73
8 1 5 6 25 26 66 69 116
8 1 5 6 25 26 67 69 73
8 1 5 6 25 26 67 69 113
8 1 5 6 25 26 68 113 121
8 1 5 6 25 26 69 73 113
8 1 5 6 25 26 69 73 121
8 1 5 6 25 26 73 113 121
8 1 5 6 25 27 31 34 40
8 1 5 6 25 27 31 34 41
8 1 5 6 25 27 31 34 55
8 1 5 6 25 27 31 34 107
8 1 5 6 25 27 31 39 107
8 1 5 6 25 27 31 39 108
8 1 5 6 25 27 31 40 42
8 1 5 6 25 27 31 40 107
8 1 5 6 25 27 31 41 63
8 1 5 6 25 27 31 55 107
8 1 5 6 25 27 31 59 80
8 1 5 6 25 27 31 63 84
8 1 5 6 25 27 31 63 89
8 1 5 6 25 27 31 63 107
8 1 5 6 25 27 31 69 82
8 1 5 6 25 27 31 80 82
8 1 5 6 25 27 31 82 84
8 1 5 6 25 27 33 35 43
8 1 5 6 25 27 33 41 43
8 1 5 6 25 27 33 41 66
8 1 5 6 25 27 33 41 105
8 1 5 6 25 27 33 42 105
8 1 5 6 25 27 33 48 114
8 1 5 6 25 27 33 57 106
8 1 5 6 25 27 33 58 81
8 1 5 6 25 27 33 58 114
8 1 5 6 25 27 33 59 87
8 1 5 6 25 27 33 59 105
8 1 5 6 25 27 33 59 114
8 1 5 6 25 27 33 66 81
8 1 5 6 25 27 33 66 114
8 1 5 6 25 27 33 80 83
8 1 5 6 25 27 33 81 83
8 1 5 6 25 27 33 83 87
8 1 5 6 25 27 34 35 37
8 1 5 6 25 27 34 35 107
8 1 5 6 25 27 34 37 41
8 1 5 6 25 27 34 37 44
8 1 5 6 25 27 34 37 105
8 1 5 6 25 27 34 37 109
8 1 5 6 25 27 34 40 107
8 1 5 6 25 27 34 41 66
8 1 5 6 25 27 34 41 105
8 1 5 6 25 27 34 44 66
8 1 5 6 25 27 34 48 56
8 1 5 6 25 27 34 55 83
8 1 5 6 25 27 34 55 84
8 1 5 6 25 27 34 66 81
8 1 5 6 25 27 34 81 83
8 1 5 6 25 27 34 81 84
8 1 5 6 25 27 34 81 105
8 1 5 6 25 27 34 81 109
8 1 5 6 25 27 34 107 109
8 1 5 6 25 27 35 59 111
8 1 5 6 25 27 36 42 105
8 1 5 6 25 27 36 48 111
8 1 5 6 25 27 36 63 84
8 1 5 6 25 27 36 63 111
8 1 5 6 25 27 36 68 111
8 1 5 6 25 27 37 41 58
8 1 5 6 25 27 37 41 63
8 1 5 6 25 27 37 41 105
8 1 5 6 25 27 37 57 63
8 1 5 6 25 27 37 58 83
8 1 5 6 25 27 37 58 114
8 1 5 6 25 27 37 63 72
8 1 5 6 25 27 37 63 83
8 1 5 6 25 27 37 63 114
8 1 5 6 25 27 37 67 105
8 1 5 6 25 27 37 67 114
8 1 5 6 25 27 37 72 109
8 1 5 6 25 27 37 83 105
8 1 5 6 25 27 37 105 114
8 1 5 6 25 27 38 48 114
8 1 5 6 25 27 38 72 109
8 1 5 6 25 27 39 43 108
8 1 5 6 25 27 39 71 107
8 1 5 6 25 27 39 71 108
8 1 5 6 25 27 41 63 72
8 1 5 6 25 27 41 65 72
8 1 5 6 25 27 41 68 72
8 1 5 6 25 27 41 72 85
8 1 5 6 25 27 42 57 105
8 1 5 6 25 27 42 68 72
8 1 5 6 25 27 42 105 114
8 1 5 6 25 27 43 67 71
8 1 5 6 25 27 43 69 71
8 1 5 6 25 27 43 69 109
8 1 5 6 25 27 43 71 88
8 1 5 6 25 27 43 71 108
8 1 5 6 25 27 44 67 71
8 1 5 6 25 27 46 58 80
8 1 5 6 25 27 46 65 72
8 1 5 6 25 27 46 65 111
8 1 5 6 25 27 46 68 72
8 1 5 6 25 27 46 72 85
8 1 5 6 25 27 46 72 89
8 1 5 6 25 27 46 80 111
8 1 5 6 25 27 48 56 86
8 1 5 6 25 27 48 63 71
8 1 5 6 25 27 48 63 72
8 1 5 6 25 27 48 63 111
8 1 5 6 25 27 48 63 114
8 1 5 6 25 27 48 67 71
8 1 5 6 25 27 48 67 111
8 1 5 6 25 27 48 67 114
8 1 5 6 25 27 48 69 71
8 1 5 6 25 27 48 69 72
8 1 5 6 25 27 48 69 111
8 1 5 6 25 27 48 69 114
8 1 5 6 25 27 48 71 85
8 1 5 6 25 27 48 71 86
8 1 5 6 25 27 48 72 85
8 1 5 6 25 27 48 72 86
8 1 5 6 25 27 48 85 111
8 1 5 6 25 27 48 86 111
8 1 5 6 25 27 48 86 114
8 1 5 6 25 27 49 66 114
8 1 5 6 25 27 49 69 114
8 1 5 6 25 27 55 57 81
8 1 5 6 25 27 55 57 106
8 1 5 6 25 27 55 57 107
8 1 5 6 25 27 55 58 81
8 1 5 6 25 27 55 58 107
8 1 5 6 25 27 55 71 86
8 1 5 6 25 27 55 71 87
8 1 5 6 25 27 55 71 107
8 1 5 6 25 27 55 81 83
8 1 5 6 25 27 55 81 84
8 1 5 6 25 27 56 58 80
8 1 5 6 25 27 56 58 83
8 1 5 6 25 27 56 58 109
8 1 5 6 25 27 56 59 80
8 1 5 6 25 27 56 59 82
8 1 5 6 25 27 56 59 109
8 1 5 6 25 27 56 80 82
8 1 5 6 25 27 56 80 83
8 1 5 6 25 27 57 59 82
8 1 5 6 25 27 57 59 84
8 1 5 6 25 27 57 81 107
8 1 5 6 25 27 57 82 85
8 1 5 6 25 27 59 72 84
8 1 5 6 25 27 59 72 87
8 1 5 6 25 27 59 72 106
8 1 5 6 25 27 59 82 84
8 1 5 6 25 27 63 71 89
8 1 5 6 25 27 63 71 107
8 1 5 6 25 27 63 72 89
8 1 5 6 25 27 63 72 107
8 1 5 6 25 27 63 84 114
8 1 5 6 25 27 63 88 111
8 1 5 6 25 27 63 88 114
8 1 5 6 25 27 63 89 111
8 1 5 6 25 27 63 89 114
8 1 5 6 25 27 63 107 111
8 1 5 6 25 27 63 111 114
8 1 5 6 25 27 65 72 106
8 1 5 6 25 27 65 81 111
8 1 5 6 25 27 65 81 114
8 1 5 6 25 27 65 82 114
8 1 5 6 25 27 65 111 114
8 1 5 6 25 27 66 81 111
8 1 5 6 25 27 66 81 114
8 1 5 6 25 27 67 71 80
8 1 5 6 25 27 67 71 107
8 1 5 6 25 27 67 80 111
8 1 5 6 25 27 67 105 114
8 1 5 6 25 27 67 107 111
8 1 5 6 25 27 67 111 114
8 1 5 6 25 27 68 72 109
8 1 5 6 25 27 68 83 111
8 1 5 6 25 27 68 107 111
8 1 5 6 25 27 68 111 114
8 1 5 6 25 27 69 72 109
8 1 5 6 25 27 69 82 114
8 1 5 6 25 27 69 111 114
8 1 5 6 25 27 71 80 87
8 1 5 6 25 27 71 80 88
8 1 5 6 25 27 71 85 107
8 1 5 6 25 27 71 87 107
8 1 5 6 25 27 72 84 86
8 1 5 6 25 27 72 85 106
8 1 5 6 25 27 72 85 107
8 1 5 6 25 27 72 87 107
8 1 5 6 25 27 72 89 109
8 1 5 6 25 27 80 87 111
8 1 5 6 25 27 80 109 111
8 1 5 6 25 27 81 85 111
8 1 5 6 25 27 81 88 114
8 1 5 6 25 27 81 107 111
8 1 5 6 25 27 82 85 114
8 1 5 6 25 27 82 86 114
8 1 5 6 25 27 82 105 114
8 1 5 6 25 27 83 87 111
8 1 5 6 25 27 83 89 111
8 1 5 6 25 27 84 85 114
8 1 5 6 25 27 85 107 111
8 1 5 6 25 27 87 107 111
8 1 5 6 25 27 88 105 114
8 1 5 6 25 31 39 63 107
8 1 5 6 25 31 39 65 108
8 1 5 6 25 31 39 71 107
8 1 5 6 25 31 39 71 108
8 1 5 6 25 31 44 63 89
8 1 5 6 25 31 44 63 107
8 1 5 6 25 31 44 67 107
8 1 5 6 25 31 44 71 107
8 1 5 6 25 31 53 67 107
8 1 5 6 25 31 53 85 107
8 1 5 6 25 31 59 67 111
8 1 5 6 25 31 63 89 111
8 1 5 6 25 31 69 97 116
8 1 5 6 25 32 43 65 77
8 1 5 6 25 32 43 65 96
8 1 5 6 25 32 43 69 77
8 1 5 6 25 32 43 69 109
8 1 5 6 25 32 43 72 109
8 1 5 6 25 32 43 83 96
8 1 5 6 25 32 46 80 89
8 1 5 6 25 32 51 55 107
8 1 5 6 25 32 51 69 82
8 1 5 6 25 32 51 69 109
8 1 5 6 25 32 51 80 96
8 1 5 6 25 32 53 55 107
8 1 5 6 25 32 55 72 107
8 1 5 6 25 32 55 77 107
8 1 5 6 25 32 56 65 76
8 1 5 6 25 32 56 65 77
8 1 5 6 25 32 56 65 82
8 1 5 6 25 32 68 72 109
8 1 5 6 25 32 76 80 107
8 1 5 6 25 32 80 89 96
8 1 5 6 25 33 37 66 98
8 1 5 6 25 33 37 66 114
8 1 5 6 25 33 37 67 114
8 1 5 6 25 33 46 53 57
8 1 5 6 25 33 46 64 113
8 1 5 6 25 33 46 80 113
8 1 5 6 25 33 64 68 83
8 1 5 6 25 33 64 83 87
8 1 5 6 25 33 64 87 113
8 1 5 6 25 33 64 87 114
8 1 5 6 25 33 66 80 98
8 1 5 6 25 34 51 55 83
8 1 5 6 25 34 51 55 117
8 1 5 6 25 34 51 81 109
8 1 5 6 25 34 53 81 109
8 1 5 6 25 34 56 76 109
8 1 5 6 25 34 61 65 81
8 1 5 6 25 37 51 63 83
8 1 5 6 25 37 51 64 83
8 1 5 6 25 37 51 83 91
8 1 5 6 25 37 58 89 114
8 1 5 6 25 37 64 77 109
8 1 5 6 25 38 53 94 109
8 1 5 6 25 38 64 77 109
8 1 5 7 25 27 31 33 41
8 1 5 7 25 27 31 33 42
8 1 5 7 25 27 31 40 42
8 1 5 7 25 27 31 40 106
8 1 5 7 25 27 33 41 43
8 1 5 7 25 27 33 42 66
8 1 5 7 25 27 35 37 46
8 1 5 7 25 27 35 41 43
8 1 5 7 25 27 35 69 109
8 1 5 7 25 27 35 71 111
8 1 5 7 25 27 38 44 93
8 1 5 7 25 27 38 93 106
8 1 5 7 25 27 40 49 94
8 1 5 7 25 27 40 94 106
8 1 5 7 25 27 43 46 93
8 1 5 7 25 27 43 67 71
8 1 5 7 25 27 43 71 88
8 1 5 7 25 27 44 65 93
8 1 5 7 25 27 44 65 94
8 1 5 7 25 27 61 71 111
8 1 5 7 25 27 62 71 111
8 1 5 7 25 27 67 71 111
8 1 5 7 25 31 81 85 97
9 1 5 6 25 26 30 31 44 116
9 1 5 6 25 26 30 33 38 108
9 1 5 6 25 26 30 33 48 108
9 1 5 6 25 26 30 38 48 108
9 1 5 6 25 26 31 33 48 108
9 1 5 6 25 26 31 35 39 96
9 1 5 6 25 26 31 38 63 69
9 1 5 6 25 26 31 39 44 107
9 1 5 6 25 26 31 42 47 48
9 1 5 6 25 26 31 44 63 69
9 1 5 6 25 26 31 44 69 116
9 1 5 6 25 26 31 65 69 116
9 1 5 6 25 26 32 33 40 106
9 1 5 6 25 26 32 34 35 107
9 1 5 6 25 26 32 34 47 109
9 1 5 6 25 26 32 37 83 89
9 1 5 6 25 26 33 40 41 106
9 1 5 6 25 26 34 35 44 107
9 1 5 6 25 26 35 41 43 116
9 1 5 6 25 26 35 44 46 56
9 1 5 6 25 26 35 46 56 121
9 1 5 6 25 26 36 38 40 43
9 1 5 6 25 26 36 39 40 121
9 1 5 6 25 26 36 39 42 121
9 1 5 6 25 26 36 40 43 121
9 1 5 6 25 26 36 42 43 121
9 1 5 6 25 26 36 42 73 85
9 1 5 6 25 26 36 65 106 121
9 1 5 6 25 26 37 38 57 94
9 1 5 6 25 26 37 58 63 83
9 1 5 6 25 26 37 58 83 89
9 1 5 6 25 26 37 58 94 109
9 1 5 6 25 26 37 89 94 109
9 1 5 6 25 26 38 43 63 69
9 1 5 6 25 26 38 49 69 94
9 1 5 6 25 26 38 49 69 113
9 1 5 6 25 26 43 65 96 116
9 1 5 6 25 26 43 83 96 116
9 1 5 6 25 26 44 67 94 107
9 1 5 6 25 26 63 69 73 113
9 1 5 6 25 27 31 34 40 107
9 1 5 6 25 27 34 37 41 105
9 1 5 6 25 27 37 67 105 114
